# Fix print output for fix out1
0.831715975903614 -0.938801801384091 -4.1054287397518
0.786047026269997 -0.42427337862236 -4.00080223623586
0.821346353078233 -0.130906002945423 -3.89483873858408
0.845805909856829 -0.0596670098083636 -3.84547881989478
0.849999111694809 -0.194894740729524 -3.83866467886117
0.825109590015294 0.128852953220044 -3.91286881028824
0.784898399109489 -0.321074446109634 -4.02220076683941
0.7671393518619 -0.200680241884749 -3.97940127703513
0.884274513993488 -0.170587290189559 -3.81930320074324
0.865997848333527 -0.0151183513895688 -3.82679013235856
0.810719741035748 0.0448226248062177 -3.9013926183387
0.775930455460031 -0.10667724935516 -3.96450803992363
0.791223716134604 -0.0267551831412627 -3.94008403603493
0.848159504671104 0.25052136146792 -3.76743821819085
0.901943148916025 -0.0147175337816036 -3.76423437645863
0.8219591409489 0.0752920755449469 -3.87129253984654
0.788506017559155 0.156406010220974 -3.91500097314094
0.818572393644847 0.0710226721297716 -3.89977507092946
0.800380909643085 -0.143598892308427 -3.88277040484344
0.831470942424788 0.0434054908893624 -3.87148303322259
0.826583647183729 -0.188347937116328 -3.8801759786011
0.849320091860514 -0.0320030446576992 -3.8766055751496
0.817504307827401 0.161796869558373 -3.87924854538275
0.817614375336802 0.0445477272248643 -3.90296258679984
0.780624696794387 0.1301591489981 -3.91053718725272
0.837946324186033 -0.128949725342924 -3.87175571411121
0.879863173209815 0.0572863811718859 -3.80253202143365
0.856489907245913 -0.149347585845833 -3.84179221511401
0.776262162563414 0.0279636975759383 -3.97737110009231
0.78109721951558 -0.0563477493642821 -3.97327321835341
0.829148878621269 -0.0714009144037545 -3.88472500775288
0.871632782896389 -0.308117258149237 -3.86251852248626
0.788414739853508 0.305502101021761 -3.87452546052316
0.796557824003883 0.152855841872044 -3.87804120160842
0.867382845470526 -0.162776406794569 -3.86525586336982
0.792055527799376 0.347710855066536 -3.85809667099304
0.865518390845114 -0.308523296812938 -3.87801851062835
0.829079639164964 -0.338808488418299 -3.92631271668681
0.760508875868831 -0.0363486648297287 -3.93584453570505
0.845292097523123 0.116647369805707 -3.82736662939861
0.840872527503984 0.199527086860597 -3.76595912447191
0.826997766415255 -0.0659942730680391 -3.8844104258823
0.729991877141071 -0.00333942742721339 -3.99266122941557
0.804699778522689 -0.0437394245151834 -3.93116176003292
0.827830161728869 0.116127250196449 -3.85224184517051
0.906447070338565 -0.0776526918714177 -3.82004570198253
0.823238018059861 -0.15629293322953 -3.8954688498547
0.767893874122863 -0.499710527606376 -4.04870273580994
0.789334346139524 -0.285145735059373 -3.99758299292075
0.786751727355341 0.00180318063337227 -3.90610863740127
0.803366402768389 0.244527439398864 -3.86077018712346
0.816264213179801 0.323379019693612 -3.82492881787643
0.88414891833714 -0.26975297217062 -3.83698692388167
0.790091633513489 -0.00555871659695362 -3.96872262154407
0.795343256919567 -0.224894945844578 -3.99995233928861
0.798021666735623 0.274244261530378 -3.87470345869863
0.857514545374677 0.0457914839621209 -3.8094496178668
0.82964835538198 0.0277357645624816 -3.8430825204211
0.796895845972211 -0.0147713808240204 -3.9002983660185
0.780602707177764 -0.110711173130401 -3.95927372266273
0.758440545128556 -0.235121419408491 -4.02739837550598
0.83297821227659 -0.431267523934522 -3.94220691163537
0.869188266891352 -0.0684677655114324 -3.81687930437268
0.876458884375695 0.097105831322091 -3.79656440189379
0.837775582647234 -0.201445679480629 -3.87462312594284
0.767711243118367 -0.283811372255229 -3.99638752675489
0.79943339565564 -0.233087157396448 -3.98692471881708
0.882304894266905 0.156036758735837 -3.7793649352449
0.849121665979127 0.131418493946251 -3.80249946508071
0.807003989342171 0.154565150104283 -3.9088742436432
0.788657636200464 -0.220542513179354 -3.96457415378404
0.839762787556673 -0.179823294617925 -3.8997205936103
0.899802243472161 -0.175030788939782 -3.78190126764275
0.911369875010781 -0.208859800437889 -3.81332010995999
0.802900726534635 -0.0768368055501598 -3.91060548350678
0.799538426662215 0.0254943841355479 -3.91878482433713
0.8246707675599 -0.0251011284740227 -3.89078948397083
0.838097157855088 0.0101657349366181 -3.84579057658505
0.865215168881137 -0.123447991308536 -3.81161119556209
0.857044503506256 0.102040649776122 -3.8478313793312
0.821896145677661 -0.218219297923778 -3.98204686630205
0.821424752622939 -0.479045417203114 -4.00534795297164
0.788233735435436 0.0214310770999926 -3.88637032214502
0.825472032621426 0.376522805427299 -3.80524099625728
0.839656668034999 0.319237517166799 -3.83578156721191
0.787259474130172 0.301191881610487 -3.91552499229432
0.798624418640486 -0.213102560500529 -3.97343952866028
0.828589902565758 -0.308915292894963 -3.92386358353745
0.893445035735723 0.130976254460581 -3.76484657932899
0.866888585891937 0.259771605745735 -3.79136343848352
0.816473134013582 0.0010255367887194 -3.90905910600312
0.82184001509268 -0.27414357266597 -3.93475742142689
0.808348599801798 -0.190841407600334 -3.90322249600347
0.79413237464402 0.314105174276207 -3.85864218666951
0.881604316456056 -0.463403772154857 -3.85684985124548
0.856394490495735 -0.116416105805639 -3.87041919225757
0.798624408627699 0.0563697694924829 -3.90535687779072
0.819017149392385 -0.382403749817338 -3.97015769243415
0.782293841056803 -0.347090928393622 -3.99883525775167
0.845104827124988 -0.132944607834105 -3.85864043367823
0.900562010186776 -0.0529206321944856 -3.77127738835027
