# Fix print output for fix out1
0.831715975903614 -0.171734719217815 -3.46185942458192
0.806365566045474 -0.329840791682253 -3.35681215504783
0.781762355513674 -0.387551815568942 -3.23774713694891
0.859997646359488 -0.411456502270753 -3.17971852835734
0.850168172236058 -0.183490220430096 -3.17308037077403
0.805016851551723 -0.433728052480233 -3.22393545189209
0.760231464408403 -0.585600079292473 -3.27775943171574
0.860528504932185 -0.354550250460442 -3.15276550323965
0.876431297327259 -0.365529097344506 -3.06358814369683
0.8730671760919 -0.374990717150611 -3.07230409011936
0.811122945593656 -0.482040458971529 -3.13713259653357
0.76120489728637 -0.488463226798522 -3.22388210646282
0.80088187753211 -0.408783082600811 -3.22671083768022
0.872761089130636 -0.545155812658083 -3.06442184062461
0.901002336489821 -0.694373973873063 -3.02126571033681
0.808397387073747 -0.372378290493989 -3.1178400544499
0.776761544933858 -0.605867337277481 -3.18831690621769
0.842722408045771 -0.698306114384547 -3.13631790797021
0.842516704252065 -0.273572996874864 -3.08977031698786
0.824498709855787 -0.372109270366691 -3.07777355440786
0.838374615007661 -0.123815839553164 -3.09794826355591
0.807483222890421 -0.49210131860106 -3.18280765481846
0.747258077535529 -0.649401129012851 -3.32931278368529
0.778685312989725 -0.43846905072226 -3.30045471865177
0.834528133612935 -0.439090983281765 -3.14049695652328
0.83016877458393 -0.469269884559396 -3.0970457181964
0.84287342227996 -0.284527174598444 -3.08647013018274
0.805755418090499 -0.21954895901705 -3.11885542457364
0.802208432520966 -0.645980384183554 -3.1801951030523
0.788408617505836 -0.54234323361216 -3.24269070903927
0.753686671973071 -0.418005262838283 -3.2216747666215
0.847313043732826 -0.215006015507218 -3.06921444146813
0.862840123055076 -0.287747819694089 -3.04977540551784
0.85578414197684 -0.908255064061081 -3.12292093133204
0.796778949618873 -0.27979099728601 -3.15738302720764
0.829363225445698 -0.451186108267152 -3.20207238060036
0.782784463580583 -0.660961828728581 -3.24232712211294
0.851133149537595 -0.309725205655147 -3.18121776988408
0.868742342552116 -0.37573223077401 -3.09885358658947
0.873363589600232 -0.259218184986598 -3.0578741486588
0.834061762957704 -0.448945573277719 -3.11610148705573
0.761113644409526 -0.625855110146786 -3.23052148001383
0.817093357085486 -0.629870896064191 -3.17018004188231
0.870460866302804 -0.588686940116838 -3.04578617923493
0.896001883119583 -0.37090489375012 -3.05393176639539
0.84701054634643 -0.541147388120765 -3.13275941048568
0.81033105430378 -0.575642434159178 -3.18447525465602
0.858875192897149 -0.517279851900406 -3.16167282020851
0.856654764042427 -0.11180131113033 -3.01373798783301
0.855745292732989 -0.231576161930586 -2.98509371437836
0.859337116992937 -0.615782800712566 -3.113220487545
0.765882793899824 -0.359378190113192 -3.16911231696801
0.782531618492493 0.0369136512518698 -3.13581018557564
0.902265739868048 -0.697834609639203 -3.0983484454394
0.850275307854462 -0.509713125361989 -3.14212793854221
0.706927195279298 -0.501791153930236 -3.30518204028474
0.810686842423854 -0.689554711752261 -3.22207838237352
0.784624093878873 -0.475283962758214 -3.11299420036822
0.833449747753763 -0.432089763052368 -3.04803942793455
0.829895991758154 -0.497694380752519 -3.05687359461433
0.820437268071187 -0.644537629399694 -3.17948350283753
0.749399056818551 -0.549883352845038 -3.27361577817654
0.798680643325707 -0.510457447977251 -3.21822231221096
0.807162881556525 -0.553502349834757 -3.16335764173355
0.834390030212522 -0.365758146328217 -3.10581824607711
0.890452902321323 -0.742380117265661 -3.05445891233027
0.875981374467821 -0.12186278539848 -3.03227717627715
0.830868411659411 -0.435148250328831 -3.16212009120057
0.801291186471115 -0.839447472067802 -3.23065200259564
0.855245049372371 -0.484064397405434 -3.12049858334156
0.889925710141107 -0.39649098953904 -3.07573883310776
0.795425886634372 -0.721345772874799 -3.11534065390798
0.847378854238969 -0.430721871470026 -3.12810724954404
0.777276193141286 -0.285273900459774 -3.21945831626854
0.757016938016296 -0.554907047741444 -3.28742419625419
0.772357323859879 -0.270552585224597 -3.16844357689957
0.787344852631782 -0.328020149518919 -3.07091626259423
0.818870970133678 -0.403339885237987 -3.06387772813126
0.854557156422908 -0.251184924338119 -3.05919692097182
0.818873579808339 -0.43852872975342 -3.15004284305758
0.757615129577052 -0.403564322053033 -3.24925634111623
0.817706270844001 -0.280990729037498 -3.22340282193274
0.867477940214625 -0.0944003726011728 -3.07845792615799
0.8780657493428 -0.410830346611832 -3.00078543911062
0.834584882757041 -0.337291165046197 -3.07518311922649
0.805731290564786 -0.338675574943706 -3.11515426870609
0.86541587803841 -0.454993935721449 -3.1085865250492
0.78826623163312 -0.146137774661186 -3.12596684013902
0.787981166883256 -0.275777194196634 -3.18014310435553
0.808493689373609 -0.637489577409468 -3.33440812065658
0.767840657562073 -0.16867194557011 -3.36890464725007
0.814776478011532 -0.337388880685877 -3.24678902763723
0.808292805649224 -0.53950511257061 -3.16333711110595
0.866756191403428 -0.338514898865786 -3.10299271346572
0.841045357917154 -0.251231921059224 -3.14309253503085
0.752211839917912 -0.267504792890505 -3.27223458291064
0.777325104060754 -0.595085599755135 -3.29587686836633
0.835969629561729 -0.192092972009497 -3.11393856112164
0.858726531907863 -0.253239481424126 -3.05609837939525
0.796756402688552 -0.464181437171124 -3.12059153566191
0.811101596855923 -0.333566242058565 -3.16309181130804
