# Fix print output for fix out1
0.831715975903614 -1.17302255479363 -4.67419034730704
0.662592823501463 0.0955629169228052 -4.66776367950868
0.682480984852058 -0.0689031947269259 -4.64659505407387
0.701184652561921 0.167863153779159 -4.61256837853639
0.745472467778842 0.206053231642456 -4.57333157850112
0.761097190243223 0.0306706242813711 -4.5371241701252
0.750391083836853 0.21675114502968 -4.50853185749646
0.738854309264457 0.473016464935299 -4.4839971740327
0.755733010263443 0.446299419346588 -4.45921731754816
0.804855629805749 0.253403185589608 -4.433250262658
0.788081499643465 0.529062572107856 -4.4059301784083
0.758126854173218 0.831478416480655 -4.37858021970612
0.812760208518654 0.535834230096234 -4.35159304409438
0.834263528824496 0.649767518754229 -4.32289416484534
0.81664100741171 0.749719065698053 -4.29840684633742
0.837650778022138 0.851700150605657 -4.27669773337406
0.852139136086118 0.791994535949795 -4.25713314436007
0.824514643461307 1.02079351828997 -4.24144316180908
0.867120478326279 0.801883818370729 -4.22835195979635
0.823263246144207 1.29855522747786 -4.21878750644669
0.872868797766602 0.82391111597572 -4.21130571902631
0.885085211883308 0.835017069879109 -4.21043710817372
0.890484510121666 0.837569501085673 -4.21457259125557
0.859866533195866 0.855481537202898 -4.22227664922539
0.88469121736439 0.688507771282116 -4.23607470549432
0.85112434611487 0.876752861093012 -4.25707991001005
0.85777358642737 0.536207881159453 -4.27857723878979
0.802545163583559 0.873622292075424 -4.30493107338053
0.847748137763189 0.479104205206036 -4.33279217541452
0.805816538269456 0.621049294169416 -4.35605763938661
0.777240781116981 0.738954416026634 -4.37593566143172
0.803933108209752 0.505730178599126 -4.39266909603202
0.780804208364319 0.563436040320599 -4.40430305315133
0.826435182985828 0.308160281520939 -4.40683370319024
0.779826338194184 0.744508308016104 -4.40733186923839
0.825852797288334 0.301025538289303 -4.40244028397239
0.80449614564943 0.506271078189802 -4.39195664997664
0.744319682808735 0.902981186644101 -4.37739416889973
0.80651923380344 0.738588540277404 -4.35689819446926
0.854488548045258 0.39486736647334 -4.3314231394568
0.834261239452455 0.747353124542019 -4.30226435390447
0.859432775932632 0.73328546974811 -4.26748941945999
0.880764711716244 0.698478319938153 -4.23374151691011
0.82572661038027 1.3556336576627 -4.20197962829235
0.901314754836094 0.817067124087097 -4.1803177724736
0.868301491058156 1.14669021093154 -4.17149796279277
0.824544452685103 1.42126582403988 -4.17062572892254
0.859326308287009 1.04834615825454 -4.17559970141797
0.847253148010326 1.23343105735592 -4.18434529866655
0.866750941902772 1.00114921548546 -4.19526064905708
0.884221748039358 0.891754419418087 -4.21034087421331
0.90311523571957 0.630612432854456 -4.22629955511178
0.883397444377177 0.630308434978536 -4.24327872863513
0.887492453644913 0.648453024395096 -4.2622919477885
0.831912250551718 0.800220796225086 -4.28300107732893
0.85611287786716 0.543471898638861 -4.30248357861771
0.841003115221652 0.631063645361102 -4.32122610667692
0.858700202870094 0.536350013522761 -4.33763195910889
0.802879460590277 0.674684652195608 -4.35307338056186
0.842646942926411 0.336145960692056 -4.36871292235449
0.771199938027401 0.658519808692574 -4.38033015654071
0.792955489498748 0.678118939689357 -4.38987364851002
0.824053416289066 0.475473916279749 -4.39486040121211
0.773440248490418 0.623328120014985 -4.3963453971081
0.853920760971553 0.168333242002061 -4.39307354228023
0.7582941782939 0.760067155459247 -4.38472659122218
0.820220872936193 0.341184240388376 -4.37045532573838
0.823048499110003 0.554810973131812 -4.3482748801862
0.813007648319584 0.719058811887619 -4.3173953751824
0.818775277149437 0.930216313484985 -4.27798474042726
0.892001116691544 0.588267108312753 -4.23902997036356
0.858147597497361 0.953828275688642 -4.20448699701505
0.872031972217417 1.12188930137942 -4.18317883119691
0.913303119340746 0.852645217898905 -4.1720510303331
0.91787807574104 0.770124980695982 -4.16679141510514
0.903739126124365 0.855249297200803 -4.1716672763683
0.868083543649864 0.977605726266954 -4.17921783269663
0.880829166024356 1.01417686733054 -4.19140538302274
0.899101746447694 0.644693338900519 -4.20786197068632
0.894049240717883 0.739685733243141 -4.22599814400373
0.897085114133418 0.512660051490898 -4.24396398243792
0.819652754164194 1.14115535628257 -4.26312931141763
0.830396535133921 0.801721725157606 -4.2793273732539
0.873527612446968 0.542121517523642 -4.2953505544064
0.831545343853169 0.736694129931332 -4.30754320656763
0.855450360057327 0.48951683074388 -4.31796145270256
0.843653330703642 0.641615445171257 -4.32483015161136
0.814100546547531 0.803171332623543 -4.33062371006334
0.838942116409795 0.446898056532642 -4.33266757204312
0.836326728640578 0.523308267504885 -4.3338470491219
0.839552416600659 0.6056245667321 -4.33303399778578
0.797731586937224 0.765250298923208 -4.33130148855676
0.83217301626179 0.575059445879281 -4.32944174560554
0.80718672993005 0.709142282822984 -4.32702782948016
0.852875174864739 0.585282038811239 -4.32503749707404
0.833846734600316 0.693140716014832 -4.32093755284614
0.791126115385489 0.921759118328626 -4.31702198529302
0.821410487042668 0.828263471936663 -4.30936176718454
0.837394713759002 0.586677772974694 -4.29885418311896
0.800458756470485 1.07784013447212 -4.28336279546857
0.84252347365897 0.95939801072528 -4.25814299332253
0.869689777794585 0.884621890490659 -4.22143094640254
0.899053058463969 0.961495077038938 -4.18126425508557
0.889365282564485 1.20397858702711 -4.14363926635888
0.914463342955284 1.20318125310519 -4.11823631259927
0.941874282272305 1.06351564433753 -4.102311228855
0.862517513512162 1.41055211579051 -4.10003045995386
0.90262007573604 1.20450732584755 -4.10853406065765
0.92085104102269 0.954104182915531 -4.12631537205936
0.854190487909901 1.15869241630142 -4.15538310314234
0.831490037921615 1.30338339860881 -4.18994166321758
0.902790711657573 0.55425273588428 -4.22557770328544
0.802178257133208 1.1666954714822 -4.25684539470689
0.849525525952682 0.792291569245888 -4.28054612310248
0.850042642591887 0.684490029922183 -4.29930570893765
0.856246172080642 0.437237569016544 -4.3117919430777
0.785337466535722 1.00352926027493 -4.32132332506939
0.797011498418532 0.797330689587748 -4.33004405534992
0.812266582132997 0.82079375989699 -4.33648451782001
0.81439422888486 0.728117759232514 -4.34032324878079
0.879671627914159 0.297926182508209 -4.34336320247877
0.786150290095399 0.936774908527678 -4.34570963101918
0.832714975683678 0.414861061269911 -4.34551326407582
0.822078836155724 0.680342658488746 -4.34443879354705
0.777260540943119 0.973695484968557 -4.34033634176308
0.820506082167244 0.654607448105559 -4.3321166045642
0.808729248411225 0.729488341786611 -4.32214588230396
0.841441514015877 0.699088136559845 -4.30741526792164
0.833208493900763 0.883699639657347 -4.28631758692597
0.876728423040205 0.608005076504062 -4.2637754656538
0.896547954789773 0.731688539229568 -4.23698021142952
0.818017576022008 1.27801125862444 -4.20968353488874
0.856846200555659 1.05634840396138 -4.18363261051618
0.865462084918559 1.199064335171 -4.16318681193358
0.909468020445875 1.03354835868852 -4.14883175548124
0.89834107860946 1.17314242761455 -4.14225849487281
0.918691499133732 1.01502027912831 -4.14323276008559
0.923708754688358 0.771750901073475 -4.15366202657379
0.895102481005763 0.840509784716479 -4.1762586642263
0.838207962448864 1.11857701628611 -4.21347290335487
0.791983994841183 1.14777429048408 -4.25836590624257
0.838452585233464 0.796446157247239 -4.30067832523356
0.826564477653341 0.663596912520564 -4.33473023971955
0.785412766250545 0.721963990320849 -4.35628889315923
0.77742295338916 0.785639264596952 -4.37024041370342
0.872927438504871 0.11536069275297 -4.37750048546242
0.780457292396363 0.626611310149527 -4.38065233323677
0.800710601948005 0.583231757563403 -4.37881756284311
0.826710730346703 0.39071940017208 -4.37553009998877
0.797576414084895 0.555159620642255 -4.36803277054941
0.816278333932917 0.544359830758822 -4.35969663886072
0.824111794617281 0.707099625362216 -4.34623482051441
0.799553251017002 1.03420062648406 -4.33225204311728
0.801946995327861 0.867444946387456 -4.31577737575333
0.856130608203636 0.548986144306297 -4.29635847284976
0.834804545286014 0.891286666216983 -4.27602712368158
0.868251377448383 0.722655717871395 -4.25469918695712
0.85735805573649 0.865308124475224 -4.23376390278125
0.893972821042909 0.844222507772081 -4.21727494879402
0.790915643984997 1.25015511165693 -4.20448981134645
0.885940457487654 1.04590254966936 -4.19547204887491
0.876641003413178 0.912861178052556 -4.19033829289269
0.894017592543467 0.90946963840212 -4.19262237096416
0.82651538692161 1.28692100090563 -4.19996582451021
0.86689275982544 0.940457029755218 -4.22055827309214
0.829965124146965 0.835256955774443 -4.25646892350693
0.820114024161014 0.803771021652102 -4.30526424178621
0.777353246330792 0.939858500274501 -4.35202337953097
0.777233263001785 0.691752216020193 -4.38779689217784
0.779663523364423 0.65844571738572 -4.41160196308324
0.764531015848704 0.483869273934949 -4.42402582925021
0.788318029011326 0.288396963223973 -4.43133400523127
0.774093303689161 0.520581189576142 -4.43038848172102
0.768481653123136 0.495484440666573 -4.42445782541764
0.754802882092669 0.745374308118008 -4.41307304120151
0.802739445419339 0.440844219573284 -4.39692642056098
0.804477490946764 0.593237415793478 -4.37580359960676
0.811348359662707 0.77646813443862 -4.35056863990516
0.862940560252898 0.433149335944817 -4.32418001138977
0.825074600829559 0.763825966311794 -4.29963964504599
0.852640176448095 0.684400101928126 -4.27758641542703
0.882662862917417 0.728573633451372 -4.26113706584623
0.823296601180285 1.06272609122463 -4.24921994657368
0.875236785266359 0.765129354012419 -4.24023317745194
0.82846936530485 1.08173954864494 -4.23698366281814
0.848358519502972 1.01276776448299 -4.23739684210995
0.887967165452884 0.664225360011758 -4.24112335726072
0.855652867290588 0.768905323663703 -4.24921713626887
0.844861680674918 0.808800412751486 -4.26087554680682
0.8299241928892 0.885235758369852 -4.27396335221489
0.824904125087665 0.791132676905973 -4.28955590962974
0.820091935950671 0.880546775251468 -4.30714714188211
0.806326552717895 0.736910876239846 -4.32695433032336
0.792355817486319 0.644215126139842 -4.34940803737015
0.794827426649558 0.707516729062412 -4.37742160279449
0.803320534703016 0.467309459557519 -4.40840599904333
0.809912909758237 0.219306342002934 -4.44692371980044
0.773362176175952 0.3239590217831 -4.48715229355787
0.7287141015515 0.29866396295713 -4.51968043106719
0.754008777356815 0.0506530599180019 -4.54173567090387
0.754068308455009 0.176012768892394 -4.55213326009975
0.726736739418688 0.203223612851539 -4.54938576438795
0.718000554374063 0.415167152534938 -4.54066202931751
0.785014169823099 0.0916038349859701 -4.52298253577751
0.757522205662607 0.36126343753936 -4.50344293004456
0.713733289158848 0.675706583024364 -4.48348015438246
0.800343857384903 0.181680117357334 -4.46581179680284
0.753591144173446 0.479420066372658 -4.44926052031941
0.792888245924964 0.543970481538822 -4.43455481292241
0.784515091362207 0.472673534339023 -4.41478931798796
0.778372054952829 0.852489573994051 -4.39649175074449
0.830152308072891 0.303451176992604 -4.37425061694421
0.846221844758748 0.356048765235574 -4.35301504839677
0.794073554469803 0.767195769499657 -4.33107040666313
0.855223061664249 0.559086441777137 -4.30938407722259
0.838743877823565 0.651005976555983 -4.28942108856808
0.780178985631835 1.16653685886413 -4.27145157131881
0.819539099370141 0.934627332555652 -4.25647032244347
0.841169106790925 1.00949434900767 -4.24409207224841
0.891948922124516 0.690482520290727 -4.23623078194133
0.889515757519084 0.746393271300247 -4.2296554537624
0.885930269098971 0.840698481978318 -4.22892500985544
0.836345253541307 1.16963347531393 -4.23173348890855
0.861713081903934 0.787287974536543 -4.23767092119627
0.870451231944906 0.728980875702163 -4.24909852293607
0.897849254752936 0.627612354602442 -4.26654214845976
0.829979986171931 0.812045054606428 -4.29157982108293
0.873495043243217 0.361014725626729 -4.32077957087596
0.859035941151695 0.50886254499728 -4.35404664538818
0.841833725353163 0.248831855787549 -4.38703265218452
0.7815051935266 0.593130794525466 -4.41241783979506
0.766631275128561 0.51372649915366 -4.43054861779849
0.789772252714674 0.359282176634959 -4.44260830047803
0.803231251842077 0.379154641778735 -4.44747856207824
0.796074096898699 0.417701331960163 -4.44554250482812
0.811566881773297 0.323214636828244 -4.43851033648428
0.783905163293445 0.437060472656094 -4.42523554386591
0.780584351065372 0.547265281137538 -4.40982274178877
0.775749008490657 0.638158678880194 -4.39169165661208
0.835025019591317 0.392306787573336 -4.37633913673772
0.813152996063034 0.586384125248477 -4.35998981308738
0.817460173642166 0.63970098251963 -4.34783464379295
0.822912806379553 0.684234668629239 -4.33684519984187
0.84017439455231 0.555984673784402 -4.32795922394114
0.83258568073696 0.693777976580571 -4.32054348593766
0.810460445052116 0.86587144681274 -4.31370977370704
0.775818204003187 1.05751118901108 -4.3084557995329
0.831548868070038 0.756395436609675 -4.30331513653304
0.857334836286548 0.554652862803531 -4.29818143210732
0.846596914647366 0.810387519934948 -4.29617123456361
0.862348908618732 0.606566232054214 -4.29306859350462
