# Fix print output for fix out1
0.831715975903614 -0.472375976668206 -3.70327925689308
0.80711960417686 -0.6320423701255 -3.60054412061958
0.80584271142982 -0.447417755100118 -3.49810715402496
0.85597745940412 -0.556977327050902 -3.44874927778363
0.911326432356142 -0.227232576267523 -3.39794168783116
0.798789046697823 -0.288225665740107 -3.479630542585
0.755573122371028 -0.266493577887882 -3.59676941172843
0.770120172848804 -0.227286746937051 -3.555736572887
0.825638123230586 -0.314802694930497 -3.47498735920121
0.833096935581919 -0.480749768174374 -3.45550762306075
0.860551868321368 -0.361174190832977 -3.46939833051761
0.805177380682471 -0.314468199551849 -3.53441689378637
0.729014251357989 -0.506217347528355 -3.65359230738426
0.75041237487117 -0.321458645140932 -3.56761907002804
0.835118697722597 -0.283195795975121 -3.44613619903753
0.844093514544048 -0.377596155188243 -3.43667719327233
0.803549081652612 -0.263065755831646 -3.48329071762957
0.814646499602769 -0.636166513680532 -3.5554896626502
0.81252743924635 -0.642061752492153 -3.58348820909219
0.830342714095087 -0.414207570933006 -3.47387576582532
0.841724787958934 -0.0142545302304446 -3.3649317662666
0.837080800498967 -0.324035005510218 -3.41164024944449
0.809235059510741 -0.499074534971531 -3.51423639433516
0.798956719396351 -0.290802710051489 -3.53433913221325
0.825974580251515 -0.172400392288752 -3.4486084997736
0.9598333567063 -0.00172836282254959 -3.24967669433038
0.887031109324928 -0.26052307688995 -3.3710368542516
0.841744337050381 -0.410838517602581 -3.48117781689652
0.800229582095221 -0.394967728648849 -3.51102051359194
0.860321189619308 -0.65168380828051 -3.47465976095937
0.867047741578197 0.101405202587193 -3.35127236659611
0.8591251113093 -0.0585427549923796 -3.31337100661651
0.833679140008718 -0.38774431479491 -3.49807622991646
0.810952517358106 -0.443377052587958 -3.53167554254766
0.798900481748645 -0.172901804770272 -3.47513522141316
0.847594905011012 0.0107078052686437 -3.40001359650131
0.865420374434148 -0.512468412296489 -3.41731327834321
0.801301881396608 -0.687759097991344 -3.57869792861473
0.767133226672487 -0.242700525043165 -3.5777855140213
0.817026802089766 -0.425383645239719 -3.48317618545508
0.870871435546883 -0.358767828275093 -3.43591784765624
0.885833339961483 -0.632502519755988 -3.46281273281514
0.86536086867432 -0.737593355371364 -3.49786817920213
0.830037100045689 -0.218124711305108 -3.50833963975195
0.794406382604169 -0.256456390773534 -3.48217671264547
0.84161704431362 -0.0695828742182841 -3.36446569574677
0.867012506970228 -0.148133274579645 -3.35435869348068
0.811607447124241 -0.482428447888651 -3.48119696418848
0.795777298184582 -0.358545601272813 -3.54578385781246
0.795119810453516 -0.292273678872677 -3.52952366074378
0.841517878414829 -0.160245248010683 -3.43496506056796
0.859095744373334 -0.311596502136152 -3.36325323126903
0.825409100821629 -0.450027569018582 -3.50002322340273
0.776150004553585 -0.380301022258204 -3.60746600843201
0.80860850131695 -0.472606712540878 -3.52541025074611
0.872939486044326 -0.241423684315023 -3.40962175663211
0.878712307182832 -0.533695665966458 -3.39999388997426
0.805239711325734 -0.524133953421967 -3.51408657996577
0.799836093445697 -0.569321481439176 -3.56882630609911
0.784062719276446 -0.109886423780107 -3.48298690832558
0.852336835483683 -0.129198154361769 -3.39207875310136
0.839815965178189 0.0133863115576996 -3.41552986772323
0.82750719447284 -0.487126086729768 -3.50257765989739
0.760499576930905 -0.361083343274804 -3.54833075757311
0.817991142463478 -0.433656770412168 -3.4675599617323
0.846596277652027 -0.162166346576298 -3.35158115843412
0.885429286748299 -0.36332814423549 -3.40085306901266
0.790344196020474 -0.0351124432548762 -3.46669488726787
0.780696178271624 0.16199317143444 -3.47438184570338
0.792528962681837 -0.22888322709017 -3.45976480721174
0.878899593684573 -0.142589900648823 -3.39084405183847
0.899946911455866 0.0819507423625461 -3.29557627083642
0.824080359075096 -0.241294576578119 -3.41879548506775
0.784922409050644 -0.14760158314373 -3.52454503719182
0.805985338840522 -0.34557265095691 -3.50844130029249
0.831379991897862 -0.260888511306756 -3.4280169661841
0.878243695536004 0.0502064250329537 -3.3300120728833
0.84213655956882 -0.251042301030359 -3.44346874835133
0.795342921688493 -0.788751912827623 -3.56873404253465
0.836904568305671 -0.476925503816581 -3.50998049493823
0.887760498963792 -0.520911972682155 -3.41277016098384
0.882080921124564 -0.298210909135197 -3.4029794649354
0.74996204201154 -0.0729587309967041 -3.53481919516098
0.783700887855366 -0.607778341061089 -3.6112261842579
0.80933144219029 -0.60039123033431 -3.54095456489927
0.842597404345068 -0.424475981994412 -3.4720855803819
0.819619163158997 -0.297421114645487 -3.45089664014794
0.794993699440463 0.0827923830516182 -3.45220328428543
0.848091121704949 -0.728508963920829 -3.51204618163067
0.75971876725447 -0.623896485122622 -3.61441163912757
0.828628769032489 -0.628611642919861 -3.57434166131586
0.881210219468015 -0.233713979310387 -3.42583071702072
0.867562164544225 -0.538357033528515 -3.41762229792682
0.835753352219908 -0.488459409989867 -3.47120842481995
0.811300059954464 -0.598583035084742 -3.51815182447756
0.821593539095975 -0.434167089967802 -3.49516048021294
0.869255552106699 -0.137109479591422 -3.38748734269662
0.883541940258532 -0.364017757133641 -3.35972947716629
0.824318311088258 -0.41738462170749 -3.47619428373078
0.818460584586036 -0.434596390464913 -3.55362288642
0.816520817634471 -0.402689373923442 -3.53582942578087
